"ID"	"Gender"	"Year"	"Y4_Formative"	"Y4_Final"	"RP_Proposal"	"Events"	"Optional"
10069	1	4	85.23	94.76	2016-05-05	3	0
10034	2	4	71.34	71.73	2016-02-19	10	2
10032	1	4	77.97	81.95	2016-02-15	0	4
10182	2	4	74.7	82.19	2016-02-10	1	3
10217	2	4	77.92	83.58	2016-01-23	5	0
10174	2	4	78.3	81.13	2016-02-11	10	1
10051	1	4	79.64	88.45	2015-09-29	2	2
10038	2	4	75.34	81.23	2015-11-11	7	0
10211	2	4	76.53	78.21	2016-01-27	8	1
10063	1	4	79.18	85.82	2015-12-11	10	0
10129	2	4	78.99	89.42	2015-10-06	1	0
10276	1	4	69.89	79.27	2015-10-29	11	5
10264	1	4	86.37	95.41	2015-12-30	0	1
10240	2	4	75.65	84.58	2016-06-02	7	0
10002	2	4	72.3	80.71	2015-12-09	7	3
10033	2	3	73.72	83.69	2016-03-24	13	0
10010	2	4	80.02	85.68	2015-10-16	7	3
10202	1	4	81.09	84.87	2016-05-31	0	0
10256	1	4	77.84	85.54	2016-03-24	11	1
10234	2	4	79.72	77.05	2015-11-28	2	0
10143	3	4	79.38	77.9	2016-05-14	13	0
10012	2	3	76.95	90.86	2015-10-27	11	2
10298	1	4	82.02	84.43	2016-03-07	12	0
10193	2	4	81.49	93.33	2015-11-23	12	5
10061	1	4	79.65	91.53	2015-12-18	11	5
10188	2	4	72.36	85.66	2016-06-02	2	3
10072	2	4	80.25	87.36	2015-11-11	7	3
10141	2	4	79.47	88.13	2016-03-13	2	1
10118	1	4	79.21	87.9	2016-02-21	10	0
10056	2	4	80.53	86.63	2015-09-20	6	2
10036	2	4	73.52	77.38	2016-03-24	8	2
10109	2	4	79.15	84.61	2016-02-22	12	2
10015	2	4	81.61	89.48	2016-03-27	6	0
10011	2	4	76.04	82.1	2015-11-22	5	1
10068	1	4	79.84	82.39	2016-02-06	10	5
10258	2	4	78.75	81.76	2015-12-16	5	3
10272	2	4	81.96	86.23	2016-04-10	7	0
10103	2	4	78.45	87.23	2016-04-17	0	2
10113	1	4	70.91	78.47	2016-02-18	9	0
10254	2	4	79.77	91.52	2016-04-11	7	0
10035	2	4	77.23	83.89	2016-04-20	8	0
10067	2	4	82.48	92.76	2016-01-12	8	1
10128	2	4	80.59	86.74	2015-09-12	2	2
10042	2	4	77.01	83.51	2015-11-14	11	0
10225	1	4	76.7	88.75	2015-10-21	10	2
10026	2	4	83.35	88.45	2015-11-01	13	0
10269	2	4	76.21	76.97	2015-10-26	12	0
10087	1	4	78.84	82.58	2016-02-06	8	1
10145	1	4	85.2	87.26	2016-04-24	5	3
10147	1	4	78.24	82.45	2016-02-17	10	0
10160	2	4	79.22	83.22	2016-01-31	8	0
10088	2	4	78.18	84.08	2016-02-11	1	0
10076	2	4	77.91	85.99	2015-09-12	1	1
10218	1	4	77.63	81.78	2016-04-30	1	0
10170	2	4	81.09	88.76	2016-01-26	12	2
10165	1	4	77.05	83.66	2016-05-08	6	1
10290	1	4	81.22	90.74	2016-02-19	0	0
10293	2	4	79.47	84.84	2016-03-15	3	1
10262	2	4	79.49	80.95	2016-02-26	11	0
10241	2	4	77.74	75.02	2015-11-08	9	3
10092	2	4	76.86	86.27	2016-05-14	5	4
10223	2	4	79.47	93.73	2016-02-04	4	0
10196	1	4	83.45	92.51	2016-01-28	4	0
10157	2	4	78.7	82.85	2015-11-08	6	1
10204	2	4	80.79	84.42	2016-01-01	3	2
10267	1	4	78.38	89.12	2016-05-19	7	0
10057	2	4	77.67	85.89	2016-03-13	6	3
10073	2	4	74.31	79.22	2015-11-19	11	0
10195	2	4	74.39	81.71	2015-12-08	7	0
10297	1	4	83	87.78	2015-10-11	9	0
10180	2	4	73.7	82.76	2015-09-22	3	0
10222	1	4	82.63	83.81	2015-10-16	12	2
10127	1	4	79.81	88.3	2016-03-09	7	3
10007	2	4	78.77	87.79	2016-01-13	8	4
10070	2	4	74.78	87.42	2016-05-16	5	1
10189	2	4	75.89	75.05	2016-06-07	5	0
10176	1	4	70.81	75.18	2015-09-03	1	0
10099	1	4	75.37	81.29	2015-12-20	5	0
10250	1	4	76.89	81.61	2016-03-24	0	0
10077	2	4	71.43	75.45	2015-10-21	11	0
10235	2	4	73.43	83.02	2015-12-13	6	1
10284	1	4	76.26	77.28	2016-01-12	0	0
10089	1	4	73.35	77.99	2015-11-27	6	1
10014	2	4	81.11	82.07	2016-01-02	12	0
10151	1	4	78.55	89.78	2015-12-20	13	2
10185	2	4	71.07	87.34	2016-01-06	5	2
10282	2	4	77.32	84.4	NA	0	1
10084	1	4	78.25	86.59	2016-04-14	13	0
10154	1	4	77.79	79.14	2016-04-07	7	0
10044	2	4	77.95	90.77	2015-12-25	6	3
10133	2	4	71.03	72.49	2015-12-22	10	3
10150	2	4	73.35	79.15	2015-11-19	8	5
10166	1	4	81.88	84.36	2016-05-14	3	1
10050	2	4	74.99	83.82	2016-02-15	11	3
10288	2	4	76.09	82.56	2016-04-07	9	1
10156	1	4	74.12	82.53	2015-10-16	12	0
10083	2	4	81.32	88.52	2015-09-29	12	0
10139	1	4	73.5	79.65	2016-04-03	0	2
10114	2	4	73.93	76.78	2016-03-27	2	3
10172	2	4	81.26	91.11	2016-03-13	9	3
10003	2	4	73.54	78.47	2016-03-13	7	0
10167	2	4	78.02	83.54	2015-12-22	2	1
10138	2	4	75.37	85.35	2015-12-13	9	2
10199	2	4	81.44	89.45	2015-09-12	13	0
10123	1	4	77.75	91.18	2016-05-05	0	3
10134	1	4	78.3	76.77	2015-10-16	0	5
10292	1	4	69.55	70.23	2016-05-07	11	3
10239	1	4	80.61	84.33	2015-10-15	5	1
10286	1	4	74.67	79.05	2015-12-03	0	0
10066	2	4	80.96	91.04	2016-05-29	3	0
10144	1	4	76.92	79.95	2015-09-20	5	0
10079	2	4	76.35	81.51	2015-10-04	1	2
10093	2	4	72.67	75.82	2015-10-29	5	1
10142	2	4	72.91	85.22	2016-01-22	9	0
10226	2	4	76.98	85.18	2015-10-11	7	4
10047	1	4	80.7	88.54	2016-03-01	2	2
10294	1	4	74.72	82.03	2015-09-12	0	0
10111	2	4	77.11	87.72	2016-05-11	0	0
10125	2	4	79.88	88.3	2015-09-24	10	0
10046	2	4	76.53	89.24	2015-11-26	0	0
10242	1	4	77.1	87.14	2016-02-26	4	1
10275	2	4	78.92	85.13	2016-03-09	1	2
10221	2	4	72.6	79.8	2015-12-14	7	2
10277	2	4	71.16	79.81	2016-05-19	8	0
10183	2	4	79.93	88.26	2016-02-22	0	0
10078	1	4	76.64	86.59	2015-09-09	13	0
10283	1	4	76.32	85.88	2016-02-19	6	0
10104	2	4	79.55	92.96	2015-12-02	6	0
10149	1	4	76.49	83.43	2016-05-20	1	0
10191	2	4	71.02	78.98	2015-10-19	6	2
10192	2	4	79.5	86.36	2016-04-02	1	4
10280	2	4	73.67	79.46	2016-05-05	8	0
10029	2	4	78.73	87.27	2015-10-31	11	2
10249	1	4	77.81	79.19	2015-09-20	0	0
10117	2	4	74.05	86.3	2016-03-28	10	0
10121	2	4	76.54	85.25	2015-11-11	12	0
10273	1	4	73.85	84.05	2015-09-18	9	0
10210	2	4	81.9	93.08	2016-01-29	4	2
10064	2	4	77.25	84.94	2015-09-14	9	0
10031	1	4	78.43	87.45	2015-12-10	0	0
10136	2	4	79.08	90.17	2016-03-29	5	0
10238	1	4	71.28	80.98	2016-03-23	1	1
10095	2	4	79.37	84.48	2016-02-29	8	2
10224	1	4	82.55	85.65	2015-10-21	2	3
10041	2	4	74.13	79.63	2015-09-17	4	0
10215	2	4	74.73	81.8	2016-04-28	6	1
10181	1	4	81.47	92.91	2016-04-13	2	1
10260	2	4	76.88	93.86	2016-01-26	13	1
10197	2	4	86.27	92.06	2015-11-12	12	0
10094	1	4	79.18	78.26	2015-09-06	4	2
10119	1	4	74.34	83.34	2016-01-26	8	0
10024	1	4	72.95	78.13	2015-09-25	4	2
10173	2	4	73.01	79.12	2015-10-17	1	0
10097	2	4	74.99	81.44	2016-05-09	10	0
10205	2	4	84.71	96.01	2015-11-14	3	0
10115	2	4	78.8	82.46	2016-04-15	5	0
10274	1	4	75.12	81.4	2016-02-08	10	0
10110	2	4	76.95	83.72	2016-02-28	13	3
10049	2	4	74.12	74.68	2015-10-29	13	0
10075	2	4	78.92	85.31	2015-10-29	5	2
10177	2	4	76.36	83.54	2016-01-15	4	2
10137	1	4	83.95	94.32	2016-03-25	4	0
10247	2	4	80.25	87.4	2016-03-31	12	3
10155	2	4	76.56	79.96	2016-03-01	3	2
10255	1	4	73.47	81.18	2016-01-27	1	3
10080	2	4	76.44	85.94	2015-12-07	6	2
10053	2	4	77.45	87.66	2016-01-19	2	2
10161	1	4	80.49	83.91	2016-03-17	1	2
10086	1	4	76.81	86.69	2016-04-25	11	3
10052	2	4	80.08	87.22	2016-03-26	13	0
10171	2	4	68.94	77.08	2016-05-24	8	0
10159	2	4	77.49	82.84	2015-10-18	9	1
10285	2	4	78.86	88.37	2016-04-09	0	5
10017	2	4	76.11	79.94	2016-05-02	0	0
10229	2	4	80.4	86.25	2015-10-28	3	0
10043	2	4	74.75	78.61	2015-12-15	8	2
10209	2	4	84.33	89.93	2015-10-30	3	0
10162	2	4	78.57	83.61	2015-10-26	8	1
10169	1	4	75.26	80.99	2015-12-10	3	2
10236	2	4	70.29	81.64	2015-10-14	6	1
10028	2	4	80.96	86.8	2016-05-24	13	0
10120	2	4	70.32	81.14	2016-03-03	0	1
10013	2	4	79.38	88.01	2016-04-21	8	0
10203	2	4	78.08	79.7	2016-02-06	11	1
10299	2	4	76.12	91.37	2015-12-05	2	0
10101	1	4	76.58	84.74	2015-09-02	2	3
10060	2	4	79.56	84.45	2015-11-25	6	2
10287	2	4	87.48	91.58	2015-10-23	9	5
10168	2	4	76.79	84.37	2016-02-22	10	0
10271	1	4	78.06	91.37	2016-04-18	4	3
10300	2	4	76.13	87.69	2016-02-16	12	4
10216	2	4	77.12	91.16	2016-01-12	2	3
10212	1	4	78.52	79.84	2015-09-02	10	2
10201	1	4	78.18	86.4	2016-05-14	9	1
10227	2	4	78.36	87.13	2015-09-15	3	2
10105	2	4	76.2	86.55	2016-04-04	4	0
10251	2	4	77.52	89.86	2015-09-17	0	0
10048	2	4	79.01	83.85	2015-10-17	1	0
10009	2	4	72.93	84.76	2016-03-20	1	3
10116	1	4	75.36	76.81	2016-02-23	11	4
10085	2	4	77.39	87.72	2015-11-01	9	3
10279	1	4	76.75	86.47	2015-12-19	6	0
10020	1	4	77.01	86.93	2015-10-23	4	0
10200	1	4	79.56	88.31	2016-03-31	11	4
10055	2	4	82.27	91.21	2016-04-16	12	4
10096	2	4	84.58	93.91	2016-05-10	13	0
10027	2	4	78.34	90.17	2016-01-01	6	3
10132	2	4	83.29	91.76	2015-09-01	1	0
10122	2	4	79.84	90.01	2016-02-08	11	0
10004	2	4	81.36	86.81	2016-01-17	0	1
10000	2	4	82.3	88.21	2016-01-20	11	2
10001	2	4	78.79	85.45	2015-11-15	3	2
10246	2	3	78.49	84.43	NA	7	4
10100	2	4	76.84	85.08	2016-01-09	9	0
10244	2	4	78.97	85.02	2016-01-14	7	1
10005	2	4	76.04	83.41	2016-03-05	5	0
10040	1	4	84.69	91.44	2016-04-30	13	1
10207	2	4	75.94	84.55	2016-03-17	8	2
10268	1	4	78.58	81.14	2015-12-16	3	0
10233	1	4	74.13	78.07	2015-09-22	12	1
10126	2	4	75.83	80.43	2016-01-28	6	5
10102	1	4	71.76	76.85	2016-04-25	12	3
10018	1	4	75.61	78.07	2015-10-12	0	2
10108	1	4	73.85	87.6	2016-04-18	8	2
10265	2	4	78.9	86.25	2015-10-15	10	5
10037	2	4	77.22	80.71	2015-10-02	12	0
10263	1	4	77.63	90.99	2015-12-06	10	0
10153	1	4	77.66	82.33	2016-01-05	13	2
10230	2	4	79.88	88.37	2016-01-27	2	2
10090	2	4	79.01	86.69	2016-05-31	8	2
10045	2	4	75.41	87.35	2016-03-16	12	2
10248	1	4	75.19	75.48	2016-05-17	3	0
10106	2	4	77.64	88.95	2016-03-17	3	0
10131	1	4	76.47	85.15	2016-05-02	1	2
10135	1	4	78.64	80.31	2016-01-14	7	2
10107	2	4	74.03	87.21	2016-02-19	13	2
10252	2	4	82.69	87.79	2015-09-06	12	0
10190	2	4	79.67	84.17	2016-04-25	7	5
10219	2	4	83.7	86.91	2015-10-12	2	1
10266	2	4	75.61	78.11	2015-12-24	0	2
10184	1	4	70.3	78.68	2015-10-15	3	3
10081	2	4	74.82	84.83	2016-04-12	3	0
10291	1	4	77.07	85.46	2016-01-17	9	3
10164	2	4	83.35	95.12	2015-09-28	8	0
10194	1	4	78.69	84.66	2016-05-02	4	0
10008	2	4	80.17	89.6	2016-02-18	13	0
10021	2	4	76.89	78.7	2015-11-08	13	1
10058	2	4	80.29	87.08	2016-04-14	10	1
10296	2	4	76.7	84.9	2016-05-22	11	0
10130	1	4	74.81	83.37	2016-04-20	3	1
10054	1	4	80.25	83.19	2016-02-14	1	2
10146	2	4	82.36	86.52	2015-12-18	12	1
10082	2	4	78.33	83.85	2015-10-10	5	1
10206	2	4	81.29	89.84	2015-11-02	2	5
10091	2	4	74.89	82.83	2015-11-20	9	0
10187	2	4	77.74	86	2016-04-18	10	0
