"ID"	"Year"	"Y3"	"FQ1"	"FQ2"	"FQ3"	"FQ4"	"FQ5"	"Events.Y3"	"Optional.Y3"
10242	4	78.12	2	2	5	4	2	13	5
10290	4	82.28	3	3	5	3	2	0	2
10129	4	82.32	3	4	5	5	3	3	5
10034	4	80.69	2	4	5	5	5	2	0
10000	4	73.34	3	4	5	5	4	5	4
10201	4	81	2	3	3	5	5	1	2
10197	4	77.74	1	2	4	4	3	3	3
10088	4	81.7	2	2	1	1	5	6	1
10284	4	74.88	1	2	3	4	4	3	4
10236	4	78.48	2	1	4	3	5	5	0
10106	4	71.35	1	1	1	1	2	10	3
10014	4	79.6	1	1	4	5	1	12	0
10135	4	70.37	2	4	5	4	2	7	0
10092	4	79.4	2	1	5	4	3	12	2
10288	4	80.45	1	2	2	1	3	1	1
10262	3	73.49	2	4	5	5	2	0	3
10232	4	76.74	1	2	4	5	3	11	3
10165	4	81.44	1	1	1	1	1	0	3
10245	4	76.97	2	4	3	4	4	13	2
10080	4	73.55	5	5	5	5	5	12	2
10118	4	79.72	3	4	5	5	2	3	0
10259	3	77.5	2	2	5	5	3	4	3
10272	4	74.56	1	1	2	3	3	10	5
10058	4	77.63	3	4	5	5	3	0	0
10225	4	76.01	1	2	5	5	3	11	1
10006	4	71.54	1	3	4	5	3	3	0
10194	4	74.34	2	3	3	4	5	13	2
10294	4	77.94	2	2	3	5	2	11	5
10291	4	75.99	3	4	5	5	3	4	3
10110	4	71.51	2	3	5	5	5	13	3
10124	4	79.23	3	4	4	4	3	5	2
10057	4	72.69	2	2	5	3	3	13	0
10103	4	74.6	3	4	5	4	3	10	0
10138	4	74.06	2	2	2	4	2	2	2
10009	4	73.92	3	4	3	4	4	4	2
10027	4	77.8	2	2	4	3	5	8	2
10153	4	76.92	2	4	5	5	5	3	0
10207	4	84.55	2	4	5	4	5	13	2
10250	4	82.15	2	1	1	4	1	10	2
10133	4	79	1	1	2	2	3	1	2
10241	4	81.45	3	4	5	5	3	0	2
10008	4	80.01	1	1	3	1	4	0	1
10285	4	73.19	2	2	2	1	3	2	2
10074	4	79.03	3	4	5	4	2	10	5
10145	4	81.27	3	4	3	4	2	5	2
10134	4	82.04	1	1	3	3	1	11	0
10055	4	75.87	1	1	1	2	5	0	0
10173	4	75.08	1	2	4	3	5	4	4
10212	4	78.85	1	4	1	4	1	9	2
10081	4	79.98	2	4	4	5	2	9	0
10016	4	79.82	3	1	1	1	4	8	0
10038	4	76.67	1	2	4	4	5	7	0
10179	4	74.61	5	5	5	5	1	4	2
10168	4	75.46	1	2	5	4	5	7	0
10300	4	84.58	1	2	4	5	5	9	3
10084	4	80.08	3	4	4	4	3	4	5
10238	4	76.28	1	4	5	5	2	12	5
10199	4	80.1	2	4	5	5	1	11	2
10029	4	77.96	3	3	5	5	1	13	0
10162	4	74.48	2	4	4	5	2	11	4
10105	4	82.12	2	3	3	4	5	12	2
10229	4	77.6	2	3	4	4	2	4	0
10289	4	79.44	3	4	4	5	2	11	0
10159	4	75.72	1	1	1	3	1	10	2
10277	4	75.88	2	3	4	5	2	11	0
10270	4	78.98	2	2	3	3	1	8	0
10220	4	76.42	2	4	5	5	3	5	2
10216	4	82.68	1	2	5	4	2	4	0
10126	4	78.02	1	1	2	2	1	7	3
10076	4	75.78	5	5	5	5	4	7	0
10112	4	78.41	1	1	1	2	2	8	1
10083	4	75.23	3	4	3	3	2	7	2
10041	4	73.91	3	3	3	3	5	11	0
10147	4	80.23	3	3	5	4	5	7	0
10060	4	73.77	1	1	4	2	3	11	2
10140	4	77.03	2	4	4	5	3	0	0
10276	4	78.27	2	2	5	5	5	10	1
10122	4	79.98	2	1	3	3	5	3	3
10182	4	77.71	2	2	4	4	2	11	5
10113	4	73.91	1	4	3	3	5	11	2
10090	4	77.56	3	4	5	5	2	5	1
10043	4	71.17	3	4	4	3	2	0	1
10180	4	74.91	2	1	5	5	2	10	4
10004	4	81.09	1	1	1	1	3	10	0
10244	4	74.67	3	4	5	5	4	8	2
10089	4	79.12	2	2	5	5	2	7	2
10003	4	76.03	3	4	5	5	1	8	0
10149	4	79.28	5	5	5	5	2	1	0
10267	4	79.16	3	4	4	2	5	9	0
10163	4	75.81	1	1	4	3	4	6	2
10119	4	77.88	1	1	5	4	2	8	5
10230	4	75.54	3	4	5	5	1	4	4
10116	4	75.97	5	5	5	5	5	4	2
10144	4	70.37	2	4	3	4	4	4	1
10125	4	80.02	3	1	4	1	1	7	3
10131	4	80.78	3	4	5	4	4	7	4
10018	4	80.6	1	2	1	1	3	8	2
10045	4	80.59	1	1	3	4	4	10	2
10205	4	81.34	2	4	3	5	1	5	1
10160	4	75.43	2	4	5	5	2	11	0
10228	4	74.66	2	1	3	4	3	5	2
10130	4	79.77	3	3	3	4	3	5	0
10281	4	79.84	3	3	5	5	1	13	0
10261	4	77.7	1	3	3	3	5	6	0
10196	4	82.54	1	4	3	2	2	1	2
10109	4	72.02	1	1	2	1	4	3	2
10190	4	77.51	2	2	5	3	5	11	0
10275	4	75.7	2	3	4	3	1	2	2
10183	4	75.94	1	1	3	5	2	5	3
10186	4	83.4	2	4	5	5	5	10	1
10023	4	76.87	3	3	4	4	2	12	1
10256	4	80.26	3	3	3	2	5	1	3
10297	4	78.85	5	5	5	5	1	8	5
10157	4	81.37	2	4	5	5	2	9	0
10235	4	81.45	1	2	4	4	4	5	4
10011	4	78.78	1	1	1	1	4	11	0
10146	4	82.12	3	4	3	3	2	0	0
10152	4	78.34	2	1	4	4	3	0	2
10012	4	76.4	3	3	5	5	2	4	5
10033	4	86.95	2	1	3	2	1	13	2
10087	4	80.34	3	4	3	4	5	10	0
10203	4	72.73	1	2	4	5	2	13	3
10274	4	71.98	2	3	4	3	3	10	4
10044	4	76.96	1	1	1	1	5	1	2
10086	4	74.44	5	5	5	5	3	4	2
10047	4	76.99	2	1	2	3	4	2	2
10239	4	74.88	5	5	5	5	1	8	0
10206	4	78.43	2	4	2	1	4	9	2
10048	4	79.45	1	4	5	5	5	0	0
10209	4	78.97	1	3	1	1	4	12	0
10223	4	79.16	3	3	5	3	3	0	3
10099	4	88.17	3	4	3	3	3	6	0
10191	4	83.82	3	4	5	5	1	1	5
10175	4	79.71	2	4	5	5	2	2	0
10102	4	79.8	1	1	1	2	2	2	3
10293	4	73.77	3	3	4	2	2	1	2
10169	4	75.2	3	4	4	4	2	9	0
10222	4	77.89	3	4	4	3	4	9	2
10278	4	84.51	1	1	4	4	1	12	2
10062	4	72.89	2	2	3	2	5	4	0
10164	4	75.73	1	2	2	4	2	0	2
10094	4	75.37	2	4	5	5	1	7	2
10234	4	80.79	1	1	5	5	2	6	0
10167	4	75.84	3	4	3	4	4	5	0
10268	4	79.44	3	4	5	5	5	7	0
10269	4	72.97	1	4	5	5	4	10	0
10091	4	75.72	1	1	2	1	3	0	0
10296	4	83.41	2	3	5	5	4	13	0
10214	4	79.69	2	2	5	5	1	13	2
10052	4	73.52	1	2	2	4	5	12	0
10042	4	75.2	5	5	5	5	4	10	2
10040	4	81.95	3	4	5	4	5	4	2
10067	4	73.46	2	3	1	1	1	0	0
10295	4	77.54	2	3	5	4	1	7	0
10021	4	79.9	1	1	3	3	5	11	0
10198	4	70.08	1	1	1	2	2	11	2
10253	4	76.99	2	4	4	4	1	5	0
10282	4	80.8	2	1	3	1	2	6	0
10154	4	78.81	1	1	4	4	2	5	5
10211	4	81.16	3	4	3	4	1	10	0
10104	4	79.99	1	1	3	2	5	6	0
10210	4	81.08	3	4	5	4	2	5	0
10064	4	82.34	1	2	5	5	4	7	1
10022	4	75.75	1	1	3	5	1	10	2
10141	4	70.49	5	5	5	5	5	6	0
10120	4	83.28	1	1	4	4	1	12	2
10035	4	77.12	3	4	5	5	5	11	5
10265	4	79.6	1	2	4	4	2	6	2
10007	4	83.77	3	4	2	2	1	8	0
10240	4	83.84	3	4	3	4	5	10	0
10030	4	77.62	5	5	5	5	3	8	4
10005	4	71.3	2	2	2	1	1	4	1
10071	4	77.01	1	2	1	2	5	13	5
10155	4	78.1	5	5	5	5	2	13	3
10233	4	75.07	2	4	5	4	2	13	0
10019	4	77.76	2	2	2	2	1	12	4
10082	4	70.47	3	3	5	5	3	4	1
10024	4	81.29	3	4	4	4	5	11	1
10026	4	78.25	3	4	5	4	5	10	2
10248	4	73.09	2	3	5	5	2	5	4
10170	4	80.83	1	2	4	5	2	6	1
10271	4	78.19	1	4	5	5	4	12	1
10156	4	76.12	3	4	5	5	1	11	2
10025	4	82.81	3	2	5	4	4	9	3
10221	4	70.97	3	4	5	5	1	2	2
10013	4	79.49	3	4	5	4	3	6	2
10252	4	74.7	3	4	5	5	3	5	0
10174	4	81.36	2	2	3	4	1	13	2
10073	4	80.74	2	1	4	4	2	2	4
10069	4	81.56	1	1	3	3	2	12	2
10184	4	78.31	3	4	5	5	5	3	0
10139	4	75.86	3	4	5	5	2	12	2
10117	4	78.44	5	5	5	5	1	13	0
10171	4	81.63	5	5	5	5	2	1	4
10137	4	76.5	1	4	3	4	1	12	4
10286	4	77.6	5	5	5	5	4	4	0
10114	4	77.48	2	1	4	5	3	10	3
10049	4	80.33	2	4	4	5	3	4	1
10123	4	69.35	1	1	1	1	4	4	0
10121	4	78.47	1	2	0	5	5	6	5
10108	4	74.91	5	5	5	5	5	1	3
10061	4	76.83	3	4	3	3	5	8	1
10015	4	71.76	3	4	5	5	5	1	2
10263	4	78.6	2	2	5	4	1	6	1
10142	4	79.51	2	2	1	2	2	12	3
10246	4	77.56	2	4	4	5	5	3	1
10226	4	77.49	5	5	5	5	1	11	4
10050	4	73.23	1	1	2	1	5	1	2
10249	4	75.75	5	5	5	5	1	7	5
10188	4	77.42	1	1	4	4	5	1	0
10178	4	73.53	2	3	4	5	1	9	2
10208	4	83.93	1	3	1	4	2	7	3
10010	3	80.98	3	1	3	4	4	9	2
10215	4	77.54	5	5	5	5	2	1	5
10020	4	74.9	2	2	4	1	3	12	2
10079	4	75.25	5	5	5	5	5	10	0
10070	4	78.5	1	2	1	1	5	10	3
10085	4	76.75	5	5	5	5	5	5	0
10279	4	78.22	1	2	3	5	3	5	4
10078	4	81.32	2	4	4	4	2	11	2
10077	4	77.63	2	2	5	5	4	0	3
10132	4	76.09	2	1	5	5	5	13	0
10195	4	74.12	3	4	4	5	3	0	4
10218	4	82.51	1	1	3	4	1	7	5
10101	4	77.09	2	4	3	4	1	1	3
10093	4	76.93	2	4	3	4	1	12	0
10039	4	78.55	1	2	4	3	3	13	5
10283	4	81.6	3	4	4	4	3	11	4
10247	4	76.48	2	4	5	5	2	1	0
10053	4	76.82	2	3	5	5	4	8	0
10227	4	74.49	3	4	5	4	1	2	2
10046	4	79.14	3	4	5	4	5	6	3
10115	4	78.92	5	5	5	5	3	6	3
10176	4	74.93	3	4	3	4	2	8	5
10266	4	73.09	2	2	3	1	4	2	1
10127	4	82.04	1	2	1	4	2	11	0
10065	4	77.87	2	4	5	5	4	12	0
10298	4	77.21	1	2	1	4	5	6	1
10031	4	82.48	3	4	3	3	1	12	0
10219	4	80.43	3	3	4	4	3	9	0
10166	4	75.07	3	4	5	5	3	5	0
10128	4	80.7	5	5	5	5	1	9	0
10237	4	77.69	3	4	5	5	2	0	0
10299	4	78.73	2	4	4	5	4	12	2
10257	4	76.73	2	2	3	4	1	8	2
10037	4	77.68	1	3	3	4	3	0	1
10036	4	79.24	2	2	5	4	5	7	2
10243	4	73.68	1	1	1	1	5	5	0
10181	4	77.84	1	2	4	3	5	6	5
10017	4	77.74	3	2	4	4	3	2	5
10095	4	76.75	2	4	5	5	5	0	4
10204	4	80.33	2	1	2	1	5	11	0
10185	4	76.05	3	3	4	5	1	12	2
10177	4	84.83	3	2	3	5	4	3	0
10158	4	78.06	2	4	5	5	1	8	2
10063	4	78.38	3	4	4	4	5	5	0
